Seed: 1788649837
Time of testing: 2026:09:06:04:40:37

Data:
57 31 15 44 23 97 47 86 54 17 
99 58 29 55 32 36 18 38 32 77 
35 29 76 86 90 89 97 60 11 26 
77 55 19 60 41 52 80 56 68 51 
36 52 19 46 88 75 67 90 63 13 
44 64 72 99 56 42 51 99 33 91 
39 10 28 84 39 50 48 44 36 40 
55 76 28 99 94 49 18 73 24 66 
61 41 98 94 99 54 84 61 81 62 
95 85 25 89 56 85 27 44 40 95 

Mean: 56.79
Median: 55.00
Standard deviation: 25.84

Seed: 1788649863
Time of testing: 2026:09:06:04:41:03

Data:
64 97 67 53 45 72 32 70 30 96 
60 47 34 78 57 62 67 29 15 70 
17 50 86 99 30 69 79 74 58 25 
74 47 27 71 80 59 99 81 62 91 
93 11 86 67 22 46 59 44 72 88 
61 88 89 86 42 77 28 14 47 42 
89 30 69 19 78 24 16 68 12 94 
35 76 90 35 80 54 46 32 79 96 
20 20 27 12 54 96 40 56 91 79 
72 68 89 47 41 26 48 82 58 77 

Mean: 58.10
Median: 60.50
Standard deviation: 25.36

