
Seed: 1788876182
Time of testing: 2026:09:08:19:33:02

Data:
57.83 64.08 50.90 38.46 46.87 45.77 66.38 49.15 60.34 55.30 
44.75 39.64 34.23 49.58 57.68 26.69 59.06 28.98 60.60 39.12 
33.15 34.06 51.23 30.25 49.82 33.63 38.47 45.17 54.63 51.25 
46.45 51.25 52.32 43.34 43.93 46.29 38.95 50.05 48.67 53.19 
44.59 59.32 53.38 32.56 69.88 46.51 59.78 35.07 51.26 52.95 

Mean: 47.54
Standard deviation: 10.16
Control limits: (Upper, Lower) = (78.02, 17.06)
Number of anomalies: 0

Seed: 1788876194
Time of testing: 2026:09:08:19:33:14

Data:
40.67 63.46 54.57 53.85 60.18 52.08 56.49 57.13 38.84 35.17 
52.29 58.52 29.76 47.87 61.44 44.15 49.09 52.89 29.85 40.57 
72.20 59.94 42.73 53.90 46.58 51.28 43.56 36.36 53.81 45.71 
64.78 37.27 18.77 44.91 48.90 57.14 45.28 50.94 41.13 48.39 
55.87 41.22 37.20 53.85 70.16 40.02 65.76 55.73 35.76 76.13 

Mean: 49.48
Standard deviation: 11.46
Control limits: (Upper, Lower) = (83.86, 15.1)
Number of anomalies: 0

Seed: 1788876200
Time of testing: 2026:09:08:19:33:20

Data:
51.12 44.45 43.49 51.20 52.23 57.32 49.38 36.68 50.28 60.01 
73.67 43.40 51.08 28.64 54.99 46.79 54.80 47.39 61.16 58.11 
50.22 51.40 50.37 61.56 45.04 40.07 48.82 38.53 39.08 46.01 
44.20 59.50 50.46 59.20 46.91 64.69 50.09 60.70 29.23 65.64 
54.39 36.72 37.99 57.52 47.77 62.38 58.31 53.45 33.52 45.29 

Mean: 50.1
Standard deviation: 9.49
Control limits: (Upper, Lower) = (78.57, 21.63)
Number of anomalies: 0

Seed: 1788876351
Time of testing: 2026:09:08:19:35:51

Data:
53.60 58.79 54.89 65.46 44.69 39.02 50.86 61.75 46.04 45.95 
51.16 57.52 55.95 58.34 56.39 47.32 60.28 60.74 47.03 63.60 
56.35 36.66 47.90 52.88 39.51 69.34 39.83 40.48 58.52 56.36 
57.07 28.86 49.48 37.76 48.31 44.03 36.30 41.19 54.17 43.59 
63.25 23.89 69.40 34.29 52.24 49.23 46.31 56.61 53.88 50.72 

Mean: 50.36
Standard deviation: 9.98
Control limits: (Upper, Lower) = (80.3, 20.42)
Number of anomalies: 0

Seed: 1788876402
Time of testing: 2026:09:08:19:36:42

Data:
46.65 51.84 52.84 65.99 47.97 46.69 71.58 51.32 62.11 38.81 
59.88 58.60 56.95 43.37 39.38 57.98 33.65 47.48 39.65 34.56 
24.68 53.44 47.57 45.31 37.93 50.43 57.62 48.32 25.58 44.40 
38.16 51.44 50.36 36.03 56.65 39.46 73.12 53.36 59.92 46.78 
67.07 48.13 48.78 56.51 60.99 51.78 46.55 56.81 42.62 58.06 

Mean: 49.7
Standard deviation: 10.49
Control limits: (Upper, Lower) = (81.17, 18.23)
Number of anomalies: 0

